1.446757 1.928969 1.060563 1.685019 1.018742
1.107026 1.338054 2.192466 1.20134 1.633092
6.000588 1.138295 1.119718 9.71666 1.358507
1.296244 1.496781 2.558649 1.083336 1.404167
1.177019 1.14195 1.182146 1.650655 1.148436
1.241765 1.138074 1.24504 1.35057 1.026717
1.173888 1.170411 2.042423 1.109231 1.290787
2.028176 1.181572 1.091822 1.957593 2.40995
1.042346 1.013142 1.611994 1.462957 2.853451
1.380462 1.200723 1.900528 2.744977 2.068807
1.097037 1.933135 2.448309 1.924829 1.329074
1.690552 1.091647 1.180427 1.130237 1.018585
1.145577 2.045744 1.281102 1.01064 1.554459
1.050245 3.567368 1.055285 3.488215 1.031143
2.797576 1.901688 1.489951 1.731849 3.275335
1.303145 1.090109 1.004658 3.387093 2.176623
1.068573 1.065732 1.974863 1.462589 2.186077
3.466291 1.117623 1.133789 2.249982 1.409606
1.062996 1.343456 1.020668 1.596183 1.184403
1.099902 1.02582 1.039457 2.032881 1.415674
1.485202 2.088123 2.712936 1.320828 2.54818
1.331712 2.716643 1.102557 1.843077 3.079383
1.197663 1.470628 1.337272 1.124609 1.161969
7.581734 7.183647 1.005934 1.508587 1.450426
1.509344 1.456156 1.072057 1.280947 3.032738
2.00035 1.05818 1.039558 1.181987 1.768293
1.79495 1.027148 4.735355 2.374295 1.031379
4.828598 1.402123 1.339715 1.044211 1.613589
2.830165 14.70911 7.574741 1.362351 1.783015
1.188092 1.283767 1.886627 4.487249 1.236148
1.099735 2.28874 1.005534 2.086501 1.474282
3.258611 2.071171 1.320151 1.087342 2.029356
1.053909 2.584471 1.44852 2.30153 1.461549
1.049818 1.152312 5.379684 1.627614 1.517695
1.273677 1.239037 1.50287 3.260413 1.036308
1.983154 1.551738 1.356775 2.801112 1.004146
1.349706 1.032716 1.050806 1.044502 1.422544
1.304681 1.639815 1.040662 1.30834 2.117161
1.099127 1.372679 1.401366 3.182037 1.454634
1.482477 1.165747 2.018879 1.309598 1.171585
1.658556 2.908078 1.184029 1.936047 1.410441
1.216532 1.410988 1.172891 1.145227 2.997241
2.107844 1.117726 1.08093 12.29475 1.023886
1.832096 2.204813 1.037061 1.703191 26.6813
1.827407 1.283403 6.957409 1.011365 1.060949
1.457028 2.414493 1.219986 1.165115 1.035584
1.993679 1.394502 1.291448 1.666384 1.915803
1.19644 1.54398 1.228489 1.457496 1.553893
1.147281 1.072948 1.025398 1.218062 1.096567
1.664404 1.17073 4.6368 4.411838 1.03381
1.083684 2.844317 1.033436 1.380493 1.128704
1.240007 1.116859 5.316247 1.126088 1.35195
1.119401 4.418328 1.309847 1.215355 2.095117
5.735381 1.02082 1.39507 2.801437 1.234289
1.897106 1.01289 3.750749 3.119457 1.520928
1.865735 1.100013 1.242695 1.690659 1.267365
1.100491 1.062807 1.005199 1.00356 2.538718
1.355618 1.001303 1.216374 1.413966 1.896258
1.201031 2.68445 2.748811 1.96801 1.009805